2014-05-03
2014-09-10
3144
51.15
50.96
54.54
55.28
54.27
52.75
51.83
53.4
53.78
56.28
57.86
60.92
63.71
63.84
65.2
65.9
67.08
65.61
64.98
63.08
62.59
59.94
58.57
55.59
56.69
55.69
54.44
53.09
52.06
51.01
50.54
54.92
55.75
58.09
60.87
62.52
63.54
59.16
59.48
58.34
57.19
58.6
59.48
62.23
61.6
59.59
59.54
58.96
59.12
56.9
53.62
54.15
53.64
53.45
52.67
53.81
55.28
57.08
59.09
58.92
58.45
59.18
59.24
58.75
57.5
57.41
56.76
55.16
52.45
51.95
50.91
50.07
50.1
50.15
50.4
50.17
50.14
50.35
50.7
53.89
55.61
57.22
57.63
59.05
59.53
60.19
61.73
61.94
62.38
61.92
61.29
59.54
57.34
55.91
54.05
52.58
51.12
49.73
48.97
48.06
47.51
46.81
46.56
49.3
53.37
55.31
57.57
59.41
60.81
61.01
59.8
60.05
59.68
59.41
60.05
59.11
54.68
52.72
51.39
50.52
50.74
50.12
49.09
48.18
47.14
46.94
47.56
50.15
52.25
55.55
57.55
60.48
61.9
63.7
64.34
65.36
60.82
58.99
61.4
61.34
59.82
57.67
56.25
56.27
54.64
53.71
52.45
52.04
51.8
50.89
49.62
50.21
53.11
57.37
57.41
57.96
57.87
58.37
58.56
58.28
60.99
56.44
55.85
56.6
57.74
58.04
59.72
58.9
56.96
54.91
54.29
53.45
54.65
53.95
52.66
52.68
52.54
52.21
52.24
51.7
51.54
51.08
51.52
51.62
52.66
52.96
54.23
54.54
54.84
56.27
56.29
56.32
57.41
58.56
58.84
59.99
62.31
63
63.19
63.49
64.17
63.77
64.03
64.59
67.85
71.64
75.17
77.13
77.3
78.59
77.73
73.24
67.29
66.14
65.51
65.31
65.2
64.68
64.57
64.75
63.82
63.26
62.41
61.86
63.07
66.28
66.9
69.04
72.17
73.83
77.04
77.81
79.32
77.96
77.23
76.2
73.48
71.46
69.15
68.1
66.14
64.78
63.21
61.98
61.3
61.19
61.24
64.81
68.08
71.76
73.47
74.55
74.41
79.09
81.75
80.41
82.44
81.98
80.17
78.17
76.75
75.52
73.43
69.33
56.43
52.65
52.12
51.45
50.45
50.32
50.24
50.42
50.16
49.8
49.85
50.13
49.25
49.14
48.29
48.04
47.51
47.57
47.6
47.32
46.94
46.06
45.9
46.06
46.3
46.3
46
45.9
46.44
46.58
46.76
47.26
49
50.24
52.11
52.57
53.78
55.1
56.33
57.46
58.24
58.32
58.82
58.92
63.33
60.56
59.79
59.25
59.34
59.36
59.57
59.59
59.55
59.58
59.35
60.86
60.01
61.2
61.8
65.43
66.88
74.26
73
72.6
71.69
70.98
69.82
68.76
68.07
66.71
64.46
63.71
64.17
63.77
64.04
63.48
63.13
63.33
62.47
62.51
64.93
66.96
68.64
69.94
70.8
70.75
69.05
65.65
64.79
65.37
64.93
64.88
64.2
64.28
63.76
64.27
64.27
64.1
64.28
64.24
64.96
64.33
63.83
63.55
63.52
64.08
63.62
64.31
67.13
69.1
71.97
73.62
73.5
73.94
71.81
70.32
67.25
64.75
61.87
60.62
58.62
56.8
55.55
54.36
53.37
52.59
52.42
52.76
56.3
58.3
61.34
60.7
60.82
60.94
61.19
62.39
60.81
59.96
60.56
60.33
58.22
58.14
57.66
58.73
58.5
57.49
55.73
54.51
53.48
52.32
51.98
53.78
56.49
57.67
61.1
61.92
62.76
62.36
63.71
64.03
62.2
59.99
59.6
59.1
57.09
54.42
53.28
53.16
53.61
53.79
54.3
54.22
53.69
53.73
52.88
54.65
58.4
60.91
64.06
66.09
66.26
62.93
63.35
62.74
63.13
63.14
62.18
62.43
61.8
61.4
60.23
58.25
57.85
56.3
55.04
54.17
54.01
52.47
53.52
56.17
58.52
60.2
60.36
61.42
62.06
61.68
62.45
63.25
61.13
59.95
59.62
59.25
59.42
58.26
57.89
55.64
56.75
56.81
55.95
55.19
53.71
53.11
52.62
51.99
51.95
53.25
54.2
55.59
56.28
57.33
55.28
54.97
54.97
57.26
57.37
57.11
57.06
55.44
54.71
54.5
54.44
55.25
55.18
55.17
54.43
54.44
54.39
54.49
54.08
54.88
54.83
55.01
56.18
56.68
55.98
54.8
54.66
54.51
53.43
53.16
52.84
52.57
52.4
52.44
52.23
52.16
52.1
52.19
52.29
52.44
52.4
52.66
53.55
54.89
56.03
58.07
58.2
57.46
59.05
58.53
57.75
57.75
57.63
56.01
55.61
53.69
53.51
53.84
53.56
52.89
52.81
52.35
52.76
52.57
52.53
53.5
53.74
54.82
55.41
56.6
59.2
59.51
59.99
59.92
60.77
61
60.58
60.3
63.98
61.98
60.25
58.45
57.79
56.67
56.54
55.8
55.58
55.36
56.62
61.47
61.38
60.64
63.17
65.85
74.4
74.86
73.92
73.7
75.69
77.62
77.65
76.34
74.42
72.82
72.03
71.82
71.84
71.67
71.31
70.16
67.73
66.04
63.73
65.92
68.38
66.69
61.19
58.04
56.6
55.26
54.53
54.1
53.64
53.12
51.97
50.96
50.74
50.38
49.74
49.61
49.53
49.54
49.62
49.61
49.56
49.59
49.58
49.63
49.69
49.72
49.12
49.7
49.63
49.25
48.42
47.79
47.68
47.74
47.67
47.43
47.41
47.23
46.27
45.93
45.41
44.52
44.11
43.78
43.87
43.71
44.89
48.56
51.75
55.85
56.69
57.95
57.6
56.47
56.85
56.16
55.89
55.81
55.39
54.75
54.29
52.87
53.44
52.53
51.09
51.07
49.62
49.42
49.12
48.3
48.82
50.59
54.08
57.74
59.66
61.64
62.34
62.17
62.37
63.59
63.72
61.42
63.92
58.69
59.64
56.44
55.16
54.47
54.14
53.21
52.38
51.76
51.59
52.36
52.58
52.78
53.12
55.35
56.08
56.55
56.32
57.18
57.3
56.66
57.46
58.39
56.87
54.77
53.79
52.91
53.37
53.15
53.03
53.24
52.58
52.94
51.85
50.66
52.17
56.01
59.96
62.93
64.21
64.85
65.16
63.5
64.16
64.21
65.08
64.52
63.34
63.75
65.18
64.91
63.38
61.43
60.97
59.15
57.76
57.73
56.89
55.88
56.02
58.87
62.14
66.38
70.88
74.17
76.22
78.32
79.28
79.25
79.33
81.22
80.13
76.89
73.79
70.65
68.29
66.74
65.5
64.22
62.46
61.84
60.58
58.5
60.05
62.74
61.52
63.14
65.91
68.83
66.54
68.27
68.77
69.46
69.18
68.54
67.59
69.72
66.69
65.32
63.05
62.06
61.53
59.72
58.91
58.28
57.88
56.96
55.63
55.72
56.17
56.46
56.55
57.52
57.99
58.52
59.18
59.28
60.51
59.21
58.14
58.36
57.61
58.07
58.15
58.06
58.04
58.75
58.8
59.24
58.87
58.29
58.37
58.87
58.93
59.26
58.89
59.65
59.4
58.92
58.58
58.42
58.78
58.93
58.88
58.8
59.3
59.02
58.45
59.02
58.99
58.02
58.05
58.31
57.73
57.91
58.61
60.01
61.32
62.56
64.71
67.08
69
70.88
72.53
73.87
72.43
73.26
73.33
72.23
71.2
68.82
67.23
66.01
64.43
63.4
61.93
60.85
60.03
60.34
60.66
63.86
67.18
70.22
72.58
74.88
76.29
76.33
76.92
75.81
78.87
76.93
77.19
77.08
76.26
71.46
69
71.36
71.65
69.47
68.71
67.91
66.9
66.15
66.52
69.26
72.77
76.62
76.6
77.84
77.99
78.2
77
74.55
78.56
76.05
75.31
77.71
75.49
74.27
73.97
72.44
71.43
70.9
70.21
69.23
67.97
66.67
66.65
68.34
68.94
71.06
71.5
72.78
73.64
74.9
76.53
77.68
76.4
75.47
73.07
71.85
70.4
68.69
67.73
66.67
66.35
65.72
64.12
64.08
63.92
63.91
64.19
64.34
65.39
67.9
70.54
71.35
71.58
74.19
75.98
77.3
76.08
68.54
67.99
65.87
62.92
61.58
61.41
60.42
60.24
60.04
59.9
59.7
59.01
58.62
59.01
59.38
60.78
62.08
62.63
62.6
62.33
62.29
63.08
62.83
62.99
62.37
61.18
60.53
59.96
59.09
58.9
58.75
58.64
58.84
58.61
58.57
58.57
58.55
58.63
59.1
59.91
59.95
61.3
63.48
62.68
65.16
63.68
64.13
65.4
62.93
63.05
62.67
62.47
63.35
63.23
62.43
62.32
61.71
61.62
61.4
60.65
60.63
60.04
60.03
59.28
59.59
59.63
60.46
60.7
61.16
62.77
63.32
62.27
62.29
62.28
62.23
62.54
62.5
60.91
60.54
60.63
60.6
60.53
60.33
59.57
58.61
58.76
58.88
58.83
59.62
60.34
61.34
64.87
67.88
71.21
72.56
73.13
72.57
72.06
72.51
70.8
69.12
66.41
64.69
63.87
62.55
60.75
59.81
58.85
58.32
58.83
61.88
65.39
67.14
67.93
69.48
71.51
74.05
75.42
76.32
76.69
76.98
76.39
75.64
73.87
71.29
69.65
68.11
66.26
64.59
62.94
62.14
61.82
60.52
60.79
63.42
66.16
70.22
70.22
70.63
69.9
68.48
69.3
68.98
69.12
70.06
69.9
68.55
72
70.29
68.72
67.56
67.6
66.94
66.81
66.65
66.46
63.87
63.06
64.22
66.04
69.06
72.66
75.09
77.89
79.56
81.26
81.48
82.13
82.63
80.85
79.62
77.45
74.95
72.98
70.71
69.92
69.41
69.08
70.21
73.27
71.16
71.45
72.78
76.12
77.68
79.46
81.08
82.46
82.58
81.86
83.16
85.06
82.7
82.47
81.09
79.67
78.3
77.38
76.23
75.02
73.26
72.18
71.07
70.79
69.58
70.33
69.87
70.2
70.47
72.74
76.21
76.35
78.31
79.11
79.19
80.84
80.02
79.77
78.39
76.45
73.62
71.16
68.74
66.81
65.4
64
62.3
62.23
61.53
61.01
63.24
66.8
67.85
70.55
70.52
71.94
72.73
72.77
72.58
73.57
73.89
71.83
70.7
68.81
65.58
63.5
61.93
60.51
59.29
58.24
57.31
56.94
56.16
56.92
60.23
62.4
64.95
66.18
67.48
69.41
70.95
71.71
72.59
71.72
72.71
68.5
66.88
67.24
66.22
64.61
64.42
63.22
63.06
61.86
60.04
58.83
58.08
58.85
62.16
64.58
66.61
68.07
68.83
69.92
69.18
68.01
67.56
67.87
67.41
67.81
66.94
65.48
65.81
63.91
63.24
62.82
61.81
60.65
60.66
59.68
59.12
59.53
61.22
64.4
66.26
69.12
69.11
70.59
70.74
70.94
71.77
71.56
71.65
72.66
73.54
70.5
68.51
67
65.28
63.92
62.56
62.19
61.5
60.69
61.34
61.76
63.1
65.15
69.83
72.76
76.26
78.64
79.82
81.02
80.97
80.46
79.05
75.96
74.18
72.77
70.8
69.71
68.91
68.6
68.5
67.83
67.51
66.91
66.87
66.95
68.48
71.11
74.46
77.4
80.29
82.98
83.99
84.71
85.58
85.78
85.59
83.48
80.54
78.2
75.92
74.45
73.12
73.13
73.04
73.34
73.35
72.62
72.1
72.13
72.29
72.89
74.75
75.86
74.53
70.54
68.33
67.56
66.4
65.09
65.13
64.04
64.08
63.19
62.71
62.5
61.32
60.96
60.65
61.11
60.27
60.09
60.25
60.47
62.69
65.41
67.52
69.46
69.05
68.85
69.07
70.29
70.75
70.88
70.46
71.43
71.1
70.57
69.25
67.77
67.06
66.2
65.63
64.99
60.3
62.53
61.09
61.48
66.33
67.85
72.27
72.28
74.09
76.21
77.61
77.24
76.64
75.92
76.77
76.65
75.38
73.2
72.45
71.42
69.77
67.92
65.97
65.41
64.65
63.76
62.65
62.63
64.98
71.01
74.33
74.94
78.42
81.13
78.61
80.46
83.93
83.8
83.46
80.74
78.4
74.79
73.15
70.54
69.59
69.13
67.55
66.58
65.88
65.58
64.83
64.97
67.39
69.89
73.36
77.25
80.2
82.76
84.13
85.68
85.66
86.17
86.18
85.5
83.36
80.66
78.34
76.56
74.64
73.64
72.64
71.7
70.78
70.14
69.77
69.28
70.72
73.66
76.87
79.02
81.95
83.85
84.76
85.51
85.82
85.88
85.84
84.48
82.72
81.39
79.99
78.51
77.32
75.76
74.8
74.08
73.76
73.07
72.79
72.91
74.23
76.3
79.38
81.43
83.58
85.76
87.4
88.28
88.32
88.39
86.33
85.13
83.56
81.22
78.96
77.17
76.37
75.63
75.36
74.59
74.14
74.86
74.77
74.72
76.6
77.96
80.42
80.91
79.94
78.16
81.02
82.83
88.43
89.25
88.29
87.22
84.5
81.4
79.37
78.08
75.99
72.11
69.72
69.38
69.63
70.06
70.02
71.15
71.72
72.35
72.23
73.03
72.57
73.15
73.14
70.93
69.52
67.49
66.83
65.04
64.29
64.89
64.61
64.54
64.27
64.21
64.06
63.53
61.45
60.97
59.33
59.93
60.01
61.15
64.7
68.58
71.32
72.92
73.91
75.19
77.77
78.52
79.42
79.5
78.47
76.94
74.96
73.89
73.16
72.12
70.9
69.8
68.86
68.28
66.58
66.17
67.85
70.19
72.56
74.98
78.58
80.51
80.56
82.06
82.43
83.52
83.48
81.89
81.4
79.2
76.59
74.77
72.91
71.35
70.46
69.96
69.76
69.74
69.59
69.63
69.98
70.25
71.46
75.26
79.39
80.75
82.68
84.88
85.43
85.54
85.04
82.72
80.07
79.76
78.71
78.39
75.94
74.86
75.18
74.69
74.43
74.1
73.2
72.69
74.4
75.88
77.34
80.59
82.06
83.36
86.02
87.81
88.75
89.44
87.95
86.09
82.64
79.41
77.27
74.91
74.07
73.99
74.25
74.98
74.95
75.43
74.34
73.25
73.84
75.07
77.37
79.29
81.28
82.73
84.31
84.8
86.05
85.91
85.53
84.64
82.03
80.1
77.31
76.06
75.36
75.45
74.45
72.76
72.65
71.54
70.58
69.37
71.09
72.45
74.34
74.26
75.6
76.65
78.45
79.85
79.51
79.59
79.76
80.79
79.69
77.89
75.1
70.62
71.17
69.13
68.4
68.85
68.87
66.97
65.92
64.94
66.62
67.03
69.04
70.63
71.09
71.37
71.39
71.5
71.13
70.47
70.68
69.15
68.5
67.04
66.53
65.72
66.28
66.06
65.51
65.83
64.99
64.82
63.91
63.36
66.78
70.65
73.49
74.82
77.62
79.3
80.03
79.06
79.33
80.81
77.42
79.32
78.8
78.3
75.67
73.08
72.41
70.81
69.88
68.76
68.66
67.85
66.61
67.08
69.23
71.87
75.8
78.72
80.89
82.96
83.89
83.46
83.6
83.31
81.69
79.06
77.61
75.25
73.84
73.02
72.86
72.82
72.39
73.12
73.1
73.59
72.54
72.63
72.14
73.59
75.39
77.86
79.79
81.6
82.23
81.85
82.53
82.31
81.69
77.27
74.59
74.47
73.83
73.06
73.29
72.38
73.04
72.91
72.8
72.19
73.04
73.08
73.13
73.32
75
75.45
77.69
79.28
81.58
82.58
82.49
82.2
79.7
78.34
77.34
76.63
75.49
74.96
74.81
74.68
73.92
73.36
72.94
73.44
73.58
73.45
72.74
73.93
73.38
72.56
71.2
72.02
72.96
73.69
73.85
73.78
72.95
73.15
73.34
72.93
72.82
72.22
72.29
71.87
70.85
69.72
68.78
67.87
67.71
66.54
66.75
67.92
70.38
70.82
73.1
74.98
74.68
73.1
73.56
78.18
73.72
78.36
77.67
75.89
74.81
72.13
71.41
70.21
68.89
67.69
67.31
65.94
64.8
64.4
66.53
68.78
71.54
73.19
73.61
72.93
72.03
72.65
71.85
73.03
72.95
71.31
70.97
72.5
71.2
70.13
68.66
67.87
67.08
65.94
65.78
65.22
64.75
65.04
66.9
66.46
69.55
70.03
69.9
69.98
70.17
70.15
69.76
69.09
68.23
67.73
66.64
67.22
66.82
65.75
64.63
63.95
63.51
63.9
64.01
62.46
62.82
62.66
64.38
66.02
66.61
66.91
68.29
69.45
69.69
69.84
70.27
69.43
68.85
67.91
67.52
66.76
65.29
64.83
64.06
62.34
62.59
62.2
61.95
61.62
61.13
61.4
61.9
64.79
67.43
67.67
69.15
70.9
71.81
70.7
69.66
67.87
66.91
67.76
67.11
66.98
65.57
64.01
64.78
66.4
65.87
65.61
65.56
65.78
65.04
65.02
67.3
70.75
73.58
79.15
78.2
79.31
75.85
77.04
79.61
80.7
78.9
86
83.46
81.86
80.75
78.38
77.06
75.54
74.58
73.71
72.72
72.39
71.79
71.48
72.31
74.69
77.54
79.18
82.75
84.71
86.4
87.67
88.89
87.4
86.81
85.39
82.97
80.06
78.4
77.3
77.1
75.33
72.96
72.7
73.45
73.2
72.71
72.46
72.25
72.35
72.5
71.35
71.69
70.53
69.19
69.13
69.84
69.33
69.05
69.16
68
65.81
65.61
64.47
65.4
65.63
66.78
65.87
64.86
63.25
62.07
61.01
63.56
65.88
68.74
71.16
73.18
74.47
75.76
76.99
79.25
80.06
80.03
80.18
78.91
77.33
75.52
73.03
71.22
69.86
69.31
67.56
66.64
64.9
64.24
64.73
65.63
67.56
71.34
74.51
78.21
79.52
81.25
81.98
82.23
81.01
80.52
78.19
77.06
75.56
74.12
72.18
71.23
70.31
69.37
68.34
67.73
67.72
67.24
67.84
69.26
70.6
71.9
74.84
76.23
73.26
71.47
71.39
71.53
72.68
73.89
75.09
74.26
73.2
72.78
71.69
71.5
70.7
69.89
69.69
69.36
70.23
70.2
70.8
70.55
71.06
69.59
71.64
75.71
78.36
80.11
80.16
81.13
80.71
81.26
80.08
79.12
77.68
73.12
71.64
69.89
69.42
68.7
68.4
67.15
65.62
65.27
64.59
65.47
67.46
68.39
70.36
72.88
72.98
75.66
75.58
76.21
76
74.52
74.24
70.11
69.03
69.9
69.67
68.81
67.76
67.11
66.54
65.53
64.22
63.36
62.94
63.83
65.05
67.98
68.97
74.89
75.01
75.23
75.58
75.93
73.91
75.51
72.45
71.89
69.27
70.9
70.01
68.19
67.06
66.33
65.49
64.78
63.61
64.4
63.29
64.37
66.96
70.37
73.78
76.15
77.47
78.23
78.27
78.51
79.67
78.75
77.88
75.92
74.39
72.22
71.3
70.19
69.11
68.77
67.95
67.86
67.02
66.11
66.21
67.58
69.6
72.4
73.48
75.07
74
73.85
75.26
74.69
77.63
80.38
77.68
75.2
74.62
73.6
71.88
71.79
71.95
70.79
70.71
69.8
69.18
69.07
68.53
68.73
69.11
70.26
69.61
69.35
67
67.47
66.58
64.48
64.15
62.98
62.79
63.14
62.82
62.01
62.14
62.61
62.6
63.28
62.99
62.41
63.04
62.87
62.18
63.26
63.55
65.01
65.14
66.4
66.16
67.44
67.48
66.9
67.26
66.96
66.24
65.44
64.77
64.14
63.91
64.34
64.92
64.89
64.81
64.04
64.62
64.88
65.46
66.96
68.5
71.35
74.18
76.1
75.98
76.23
75.67
76.64
75.8
75.41
74.44
79.25
75.65
76.09
74.99
73.55
73
72.82
71.95
70.82
70.51
69.72
69.44
72.03
74.67
74.11
76.29
77.37
78.32
78.33
78.54
77.01
77.27
78.59
76.29
75.11
75.35
74.65
72.12
71.86
71.9
71.82
71.33
70.15
71.5
70.63
69.79
69.87
70.66
70.73
73.74
76.05
77
74.71
72.78
74.56
77.16
78.88
79.22
77.72
76.37
71.74
70.01
67.82
66.32
65.43
64.1
62.83
64.56
63.76
63.64
65.28
68
70.99
71.98
74.14
75.39
75.45
72.25
74.75
74.58
72.38
72.21
68.51
67.56
66.29
65.92
66.01
64.4
63.4
62.72
62.1
60.91
60.67
60.7
62.35
66.42
69.29
70.92
74.61
75.81
77.89
77.79
79.33
79.82
80.62
80.06
77.93
75.93
74.25
72.88
72.29
70.83
69.24
67.57
66.33
65.91
65.4
65.27
66.76
69.35
73.17
73.58
74.58
75.06
74.66
73.76
74.16
73.12
75.39
75.44
74.12
74.74
75.23
72.75
72.15
70.97
70.65
69.75
69.41
67.76
67.08
66.28
68.18
70.19
73.95
76.1
77.49
77.66
77.77
77.97
75.9
75.21
74.29
72.92
74.17
72.84
70.11
68.11
69.68
67.35
68.11
67.5
66.59
65.99
65.89
66.31
67.37
69.39
72.92
75.83
78.74
81.26
80.44
79.34
79.54
82.85
81.44
79.49
77.91
75.33
73.35
72
71.14
70.06
68.97
67.94
66.92
66.67
66.09
65.05
66.51
68.71
72.56
74.72
75.92
76.8
78.23
78.46
78.97
78.7
78.37
76.64
75.3
73.2
71.47
70.24
69.35
69.29
68.61
68.6
68.69
68.4
67.28
66.59
66.52
66.06
66.02
66.08
66.08
66.1
65.72
65.3
66.81
67.41
67.61
67.96
68.28
68.73
68.4
67.04
64.47
64.23
64.13
63.88
63.58
63.34
62.6
62.38
62.71
64.62
64.81
67.87
68.3
70.33
72.68
74.09
74.63
73.46
74.7
73.49
72.51
69.52
67.89
66.62
65.74
64.85
63.42
63.29
63.72
63.45
62.15
60.93
61.99
63.07
64.65
67.62
69.31
70.56
72.72
72.42
71.83
70.31
68.07
67.03
66.77
65.35
64.52
64.37
64.08
63.41
63.61
62.99
62.26
61.7
61.12
60.88
61.52
64.52
67.52
69.19
71.36
73.33
74.35
74.47
75.85
76.72
75.72
74.67
73.42
72.06
70.77
69.27
68.13
67.27
67.06
66.24
66.78
66.19
65.16
64.92
65.77
67.48
69.81
72.93
74.69
76.63
77.13
76.71
77.52
77.3
75.14
74.7
73.95
71.69
69.58
67.91
66.54
66.1
65.27
64.26
63.4
62.5
61.76
62.27
62.27
65.16
68.31
69.9
71.19
71.95
73
73.66
74.16
74.82
74.28
73.96
72.11
69.92
68.03
65.66
64.44
62.96
62.7
61.08
59.92
59.51
59.31
58.48
60.64
63.31
64.29
66.46
68.41
70.75
70.31
70.71
70.88
70.37
68.68
68.84
68.26
67.38
66.05
64.83
64.27
63.6
63.99
63.76
63.7
62.87
62.06
60.14
62.45
64.66
66.44
68.71
69.81
71.71
71.91
71.86
71.45
71.33
70.7
68.9
67.88
66.4
64.83
63.62
63.85
63.17
62.93
62.35
61.69
60.68
61.29
61.81
62.36
62.6
64.9
67.47
68.56
69.21
70.35
70.01
70.37
70.02
69.12
68.53
67.47
67.08
66.77
66.54
66.32
66.15
66.11
66.1
65.78
64.21
63.67
63.36
62.81
63.24
65
66.9
68.49
68.68
68.09
68.76
69.2
68.83
68.43
68.03
66.69
66.27
65.55
65.47
65.21
64.39
64.3
63.7
63.51
62.58
62.03
61.33
61.62
63.91
66.86
67.47
69.07
69.44
68.88
69.35
68.62
68.17
67.32
66.82
66
65.52
63.91
62.96
62.76
62.62
62.54
62.69
62.45
62.05
61.97
61.81
64.09
66.78
68.56
70.21
71.36
72.53
72.7
73.37
73.93
73.47
74.05
73.89
72.05
71.52
70.96
70.21
69.47
68.23
68.07
68.44
67.61
66.81
66.85
66.83
67.99
71.92
74.91
77.12
78.32
79.66
79.55
78.9
77.18
75.94
76.37
75.57
74.68
73
71.71
72.92
70.26
68.78
68.48
67.64
66.63
66.31
65.44
64.76
66.12
68.27
71.77
75.33
79.14
79.56
79.78
79.28
80.07
80.5
80.16
80.73
80.12
77.28
74.18
72.32
70.72
69.85
69.41
68.53
68.56
68.82
67.89
67.93
68.19
70.56
74.93
78.3
81.86
84.12
85.97
87.46
86.97
88.01
87.5
85.52
83.31
81.67
79
75.44
74.59
73.97
73.92
74.07
71.94
70.68
70.51
69.63
69.82
70.6
72.71
74.33
76.08
76.63
76.47
77.72
78.07
77.3
76.29
76.26
73.87
71.48
69.45
68.21
66.28
65.32
63.44
62.29
61.23
60.01
59.56
58.89
61.01
63.21
66.72
68.31
68.46
68.1
67.72
67.15
66.87
66.87
66.33
65.33
64.22
63.28
63.33
61.57
61
60.23
60.37
59.45
58.81
58.54
57.73
58.12
58.69
61.95
64.89
67.67
70.17
71.78
73.76
75.54
75.18
76.21
76.78
75.04
72.46
69.67
68.05
67.59
66.87
66.82
66.92
67.16
68.11
69.17
69.59
70.18
70.36
71.84
73.33
76.02
78.93
79.89
80.24
80.87
80.98
81.83
82.59
81.78
80.28
78.39
75.67
73.82
73.68
73.69
73.85
73.06
72.43
72.16
72.02
71.93
72.21
73.06
74.96
78.15
81.47
83.69
81.99
80.96
79.14
79.33
79.58
80.41
79.46
78.3
75.48
77.78
77.33
76.04
75.86
74.92
73.72
73.55
72.92
72.28
72.58
74.88
78.05
81.39
83.98
86.56
88.51
88.81
87.85
86.78
81.73
82.24
80.75
79.37
78.81
77.28
76.67
76.48
75.91
76.02
76.88
76.19
73.97
72.63
71.77
73.27
73.19
74.88
75
76.81
79.58
79.9
81.31
81.92
81.44
79.89
78.81
76.51
74.77
73.78
72.82
71.71
70.73
70.03
68.8
66.74
65.73
65.46
66.13
69.04
72.27
74.81
76.34
77.59
77.64
76.65
77.01
77.36
77.22
82.28
80.77
78.39
73.81
74.75
73.51
72.69
71.9
71.82
70.61
69.46
68.6
68
69.65
71.3
74.29
78.09
81.04
83.72
85.28
86.24
87.03
87.57
86.33
84.84
82.14
79.5
77.4
75.88
75.12
75.38
75.38
75.44
75.95
75.77
75.33
75.59
75.76
77.3
79.56
81.62
83.69
85.63
87.66
88.25
89
88.12
86.45
81.65
73.82
74.85
75.68
72.38
71.3
70.03
68.85
66.47
65.93
65.32
65.28
65.81
65.8
66.98
68.32
69.89
70.83
71.42
72.8
68.62
69.25
68.62
68.18
67.56
66.31
65.94
65.29
65.16
64.41
63.99
63.45
63.12
61.91
60.78
60.37
60.34
61.37
64.44
66.38
66.95
68.14
68.56
68.42
68.74
68.46
67.43
66.66
65.79
64.57
63.98
63.02
62.54
62.27
61.88
62.1
61.98
61.93
61.74
61.41
61.26
61.48
63.95
65.06
66.52
67
67.17
67.07
66.57
66.08
66.26
65.34
64.85
63.59
62.74
62.22
61.45
62.72
48